1 1 1 1
2 1 1 2
3 3 1 3
5 2 1 1
0 0 1 0
10 1 1 4
22 0 1 0 f
0 0 1 0
11 2 1 1
12 1 1 2
5 2 1 1
0 0 1 0
9 1 1 1
22 0 1 0 i
0 0 1 0
13 1 2 4
0 0 2 0
16 2 2 0
14 1 3 2
15 3 3 3
0 0 3 0
20 12 3 4
22 0 3 0 f
0 0 3 0
21 2 3 1
20 6 3 3
20 16 3 1
22 0 3 0 i
23 0 3 0 10
20 17 3 1
24 0 3 0 1
0 0 3 0
0 0 3 0
14 2 3 0
0 0 4 0
2 1 5 2
3 3 5 3
5 2 5 1
0 0 5 0
10 2 5 3
22 0 5 0 main
0 0 5 0
0 0 5 0
13 1 6 4
0 0 6 0
16 1 7 2
17 1 7 3
5 2 7 1
0 0 7 0
18 2 7 3
19 1 7 1
9 1 7 1
22 0 7 0 i
0 0 7 0
18 1 7 1
19 1 7 1
9 1 7 1
22 0 7 0 j
0 0 7 0
16 2 7 0
14 1 8 2
15 1 8 2
20 1 8 3
20 16 8 1
22 0 8 0 i
0 0 8 0
20 13 8 3
22 0 8 0 read
0 0 8 0
0 0 8 0
0 0 8 0
14 1 9 2
15 1 9 2
20 1 9 3
20 16 9 1
22 0 9 0 j
0 0 9 0
20 12 9 4
22 0 9 0 f
0 0 9 0
21 2 9 1
20 16 9 1
22 0 9 0 i
0 0 9 0
0 0 9 0
14 1 10 2
15 1 10 2
20 12 10 4
22 0 10 0 write
0 0 10 0
21 2 10 1
20 16 10 1
22 0 10 0 j
0 0 10 0
0 0 10 0
14 1 11 2
15 3 11 3
0 0 11 0
20 17 11 1
24 0 11 0 0
0 0 11 0
14 2 11 0
0 0 12 0
2 2 12 0
