1 1 1 1
2 1 1 2
3 3 1 3
5 2 1 1
0 0 1 0
10 2 1 3
22 0 1 0 main
0 0 1 0
0 0 1 0
13 1 1 4
0 0 1 0
16 1 2 2
17 1 2 3
5 2 2 1
0 0 2 0
18 1 2 1
19 2 2 3
9 1 2 1
22 0 2 0 a
0 0 2 0
20 17 2 1
24 0 2 0 1
0 0 2 0
16 1 3 2
17 1 3 3
5 1 3 1
0 0 3 0
18 1 3 1
19 2 3 3
9 1 3 1
22 0 3 0 b
0 0 3 0
20 17 3 1
24 0 3 0 2
0 0 3 0
16 1 4 2
17 1 4 3
5 2 4 1
0 0 4 0
18 1 4 1
19 2 4 3
9 1 4 1
22 0 4 0 c
0 0 4 0
20 17 4 1
24 0 4 0 3
0 0 4 0
16 2 4 0
14 1 5 2
15 1 5 2
20 1 5 3
20 16 5 1
22 0 5 0 a
0 0 5 0
20 5 5 3
20 16 5 1
22 0 5 0 c
0 0 5 0
20 17 5 1
24 0 5 0 1
0 0 5 0
14 1 6 2
15 4 6 5
0 0 6 0
0 0 6 0
20 4 6 3
20 16 6 1
22 0 6 0 a
23 0 6 0 3
20 16 6 1
22 0 6 0 c
0 0 6 0
15 1 6 2
20 1 6 3
20 16 6 1
22 0 6 0 a
0 0 6 0
20 17 6 1
24 0 6 0 2
0 0 6 0
14 1 7 2
15 3 7 3
0 0 7 0
20 17 7 1
24 0 7 0 0
0 0 7 0
14 2 7 0
0 0 8 0
2 2 8 0
